-7.75 -0.14 -6.03 -1.28 -9.28 9.14
-7.59 -9.19 -0.39 -2.6 -4.04 7.04
2.91 -0.61 -3.4 -5.88 7.37 -9.76
4.2 8.25 -9.53 0.4 -5.99 -0.9
4.16 -5.98 6.98 -8.37 -3.67 -9.14
0.89 5.19 1.75 -0.81 1.59 6.62
2.43 6.15 -1.62 -6.14 -4.93 5.11
-5.61 5.22 -2.29 -6.51 7.71 -7.24
0.42 -5.93 -2.01 -2.59 9.79 -3.57
-8.87 8.27 3.46 -2.6 5.11 -2.5
3.12 -5.97 3.6 -5.46 2.92 -1.78
2.5 7.72 -4.14 -9.94 -6.51 -0.91
-1.91 -8.87 -5.02 9.1 -3.66 4.48
-0.9 -0.22 1.03 3.58 8.78 -8.21
9.38 7.63 0.75 -4.82 -8.23 4.44
-4.04 7.61 -1.45 -1 -4.19 -9.31
4.64 -0.64 -5.2 -0.78 8.96 4.31
7.94 0.45 9.98 9.76 8.02 -8.36
7.3 9.34 -2.4 0.86 -7.66 8.26
7 5.22 1.93 -1.42 5.76 -9.2